nelem=3;
nnod=4;
ntype=1;
nfunc=1;
ncon=[1,2;2,3;3,4];
x=[0.0;1/3;2/3;1.0];
nebc=1;
iebc=[4.0];
vebc=[0.0];
nnbc=[3.0];
inbc=[1.0;2.0;3.0];
vnbc=[-4.5;0;0;0;0;0];
v=[0.0];
fc=[0.0,0.0,0.0;0.0,0.0,0.0;0.0,0.0,0.0];
ac=[4.5,4.5,0.0;4.5,4.5,0;4.5,4.5,0];
cc=[0.0,0.0,0.0;0.0,0.0,0.0;0.0,0.0,0.0];