nelem=6;
nnod=13;
ntype=1;
nfunc=2;
ncon=[1,2,3;3,4,5;5,6,7;7,8,9;9,10,11;11,12,13];
x=[0.0;0.025;0.05;0.075;0.10;0.125;0.150;0.175;0.2;0.225;0.250;0.275;0.3];
nebc=2;
iebc=[1.0;13.0];
vebc=[0.0;0.0];
nnbc=[11.0];
inbc=[2.0;3.0;4.0;5.0;6.0;7.0;8.0;9.0;10.0;11.0;12.0];
vnbc=[0.0;0.0;0.0;0.0;0.0;0.0;0.0;0.0;0.0;0.0;0.0;];
fc=[-0.00002,0.0,0.0;-0.00002,0.0,0.0;-0.00002,0.0,0.0;-0.00002,0.0,0.0;...
    -0.00002,0.0,0.0;-0.00002,0.0,0.0];
ac=[0.000016,-0.000015,-0.00005;0.000016,-0.000015,-0.00005;...
    0.000016,-0.000015,-0.00005;0.000016,-0.000015,-0.00005;...
    0.000016,-0.000015,-0.00005;0.000016,-0.000015,-0.00005];
cc=[0.0,0.0,0.0;0.0,0.0,0.0;0.0,0.0,0.0;0.0,0.0,0.0;0.0,0.0,0.0;...
    0.0,0.0,0.0];
v=[0.0];
bc=[0.0,0.0,0.0;0.0,0.0,0.0;0.0,0.0,0.0;0.0,0.0,0.0;0.0,0.0,0.0;...
    0.0,0.0,0.0];