nelem=6;
nnod=7;
ntype=1;
nfunc=1;
ncon=[1,2;2,3;3,4;4,5;5,6;6,7];
x=[0.0;0.05;0.10;0.15;0.20;0.25;0.3];
nebc=2;
iebc=[1.0;7.0];
vebc=[0.0;0.0];
nnbc=[5.0];
inbc=[2.0;3.0;4.0;5.0;6.0];
vnbc=[0.0;0.0;0.0;0.0;0.0];
fc=[-0.00002,0.0,0.0;-0.00002,0.0,0.0;-0.00002,0.0,0.0;-0.00002,0.0,0.0;...
    -0.00002,0.0,0.0;-0.00002,0.0,0.0;];
ac=[0.000016,-0.000015,-0.00005;0.000016,-0.000015,-0.00005;...
    0.000016,-0.000015,-0.00005;0.000016,-0.000015,-0.00005;...
    0.000016,-0.000015,-0.00005;0.000016,-0.000015,-0.00005];
cc=[0.0,0.0,0.0;0.0,0.0,0.0;0.0,0.0,0.0;0.0,0.0,0.0;0.0,0.0,0.0;...
    0.0,0.0,0.0];
v=[0.0];
bc=[0.0,0.0,0.0;0.0,0.0,0.0;0.0,0.0,0.0;0.0,0.0,0.0;0.0,0.0,0.0;...
    0.0,0.0,0.0];