nelem=2;
nnod=5;
ntype=1;
nfunc=2;
ncon=[1,2,3;3,4,5];
x=[0.0;0.075;0.15;0.225;0.3];
nebc=2;
iebc=[1.0;5.0];
vebc=[0.0;0.0];
nnbc=[3.0];
inbc=[2.0;3.0;4.0];
vnbc=[0.0;0.0;0.0];
fc=[-0.00002,0.0,0.0;-0.00002,0.0,0.0;-0.00002,0.0,0.0;-0.00002,0.0,0.0];
ac=[0.000016,-0.000015,-0.00005;0.000016,-0.000015,-0.00005;...
    0.000016,-0.000015,-0.00005;0.000016,-0.000015,-0.00005];
cc=[0.0,0.0,0.0,0.0;0.0,0.0,0.0,0.0;0.0,0.0,0.0,0.0;0.0,0.0,0.0,0.0];
v=[0.0];
bc=[0.0,0.0,0.0,0.0;0.0,0.0,0.0,0.0;0.0,0.0,0.0,0.0;0.0,0.0,0.0,0.0];