nelem=31;
nnod=32;
ntype=1;
nfunc=1;
ncon=[1,2;2,3;3,4;4,5;5,6;6,7;7,8;8,9;9,10;10,11;11,12;12,13;13,14;14,15;...
    15,16;16,17;17,18;18,19;19,20;20,21;21,22;22,23;23,24;24,25;25,26;...
    26,27;27,28;28,29;29,30;30,31;31,32];
x=[0.0;70.0;140.0;210.0;280.0;350.0;420.0;490.0;560.0;630.0;700.0;770.0;...
    840.0;910.0;980.0;1050.0;1120.0;1190.0;1260.0;1330.0;1400.0;1470.0;...
    1540.0;1610.0;1680.0;1750.0;1820.0;1890.0;1960.0;2030.0;2100.0;2170.0];
v=[0.006];
nebc=[1];
iebc=[1.0];
vebc=[16.0];
nnbc=[31.0];
inbc=[2.00;3.00;4.00;5.00;6.00;7.00;8.00;9.00;10.00;11.00;12.00;13.00;...
   14.00;15.00;16.00;17.00;18.00;19.00;20.00;21.00;22.00;23.00;24.00;...
   25.00;26.00;27.00;28.00;29.00;30.00;31.00;32.00];
vnbc=[0.0;0.0;0.0;0.0;0.0;0.0;0.0;0.0;0.0;0.0;0.0;0.0;0.0;0.0;0.0;0.0;...
    0.0;0.0;0.0;0.0;0.0;0.0;0.0;0.0;0.0;0.0;0.0;0.0;0.0;0.0;0.0];
fc=[-232.18,0.00823,0.0;-232.18,0.00823,0.0;-232.18,0.00823,0.0;...
    -232.18,0.00823,0.0;-232.18,0.00823,0.0;-232.18,0.00823,0.0;...
    -232.18,0.00823,0.0;-232.18,0.00823,0.0;-232.18,0.00823,0.0;...
    -232.18,0.00823,0.0;-232.18,0.00823,0.0;-232.18,0.00823,0.0;...
    -232.18,0.00823,0.0;-232.18,0.00823,0.0;-232.18,0.00823,0.0;...
    -232.18,0.00823,0.0;-232.18,0.00823,0.0;-232.18,0.00823,0.0;...
    -232.18,0.00823,0.0;-232.18,0.00823,0.0;-232.18,0.00823,0.0;...
    -232.18,0.00823,0.0;-232.18,0.00823,0.0;-232.18,0.00823,0.0;...
    -232.18,0.00823,0.0;-232.18,0.00823,0.0;-232.18,0.00823,0.0;...
    -232.18,0.00823,0.0;-232.18,0.00823,0.0;-232.18,0.00823,0.0;...
    -232.18,0.00823,0.0];
ac=[0.574,0.0,0.0;0.574,0.0,0.0;0.574,0.0,0.0;0.574,0.0,0.0;...
    0.574,0.0,0.0;0.574,0.0,0.0;0.574,0.0,0.0;0.574,0.0,0.0;...
    0.574,0.0,0.0;0.574,0.0,0.0;0.574,0.0,0.0;0.574,0.0,0.0;...
    0.574,0.0,0.0;0.574,0.0,0.0;0.574,0.0,0.0;0.574,0.0,0.0;...
    0.574,0.0,0.0;0.574,0.0,0.0;0.574,0.0,0.0;0.574,0.0,0.0;...
    0.574,0.0,0.0;0.574,0.0,0.0;0.574,0.0,0.0;0.574,0.0,0.0;...
    0.574,0.0,0.0;0.574,0.0,0.0;0.574,0.0,0.0;0.574,0.0,0.0;...
    0.574,0.0,0.0;0.574,0.0,0.0;0.574,0.0,0.0];
cc= [6.11,0.00216589,0.0;6.11,0.00216589,0.0;6.11,0.00216589,0.0;...
    6.11,0.00216589,0.0;6.11,0.00216589,0.0;6.11,0.00216589,0.0;...
    6.11,0.00216589,0.0;6.11,0.00216589,0.0;6.11,0.00216589,0.0;...
    6.11,0.00216589,0.0;6.11,0.00216589,0.0;6.11,0.00216589,0.0;...
    6.11,0.00216589,0.0;6.11,0.00216589,0.0;6.11,0.00216589,0.0;...
    6.11,0.00216589,0.0;6.11,0.00216589,0.0;6.11,0.00216589,0.0;...
    6.11,0.00216589,0.0;6.11,0.00216589,0.0;6.11,0.00216589,0.0;...
    6.11,0.00216589,0.0;6.11,0.00216589,0.0;6.11,0.00216589,0.0;...
    6.11,0.00216589,0.0;6.11,0.00216589,0.0;6.11,0.00216589,0.0;...
    6.11,0.00216589,0.0;6.11,0.00216589,0.0;6.11,0.00216589,0.0;...
    6.11,0.00216589,0.0];
bc=[ 4275000.0,0.0,0.0;4275000.0,0.0,0.0;4275000.0,0.0,0.0;...
    4275000.0,0.0,0.0;4275000.0,0.0,0.0;4275000.0,0.0,0.0;...
    4275000.0,0.0,0.0;4275000.0,0.0,0.0;4275000.0,0.0,0.0;...
    4275000.0,0.0,0.0;4275000.0,0.0,0.0;4275000.0,0.0,0.0;...
    4275000.0,0.0,0.0;4275000.0,0.0,0.0;4275000.0,0.0,0.0;...
    4275000.0,0.0,0.0;4275000.0,0.0,0.0;4275000.0,0.0,0.0;...
    4275000.0,0.0,0.0;4275000.0,0.0,0.0;4275000.0,0.0,0.0;...
    4275000.0,0.0,0.0;4275000.0,0.0,0.0;4275000.0,0.0,0.0;...
    4275000.0,0.0,0.0;4275000.0,0.0,0.0;4275000.0,0.0,0.0;...
    4275000.0,0.0,0.0;4275000.0,0.0,0.0;4275000.0,0.0,0.0;...
    4275000.0,0.0,0.0];