                                                                                                                                                                                                                                                                                                                                                                                                                                                                                                                                      nelem=3;
nnod=9;
ntype=1;
nfunc=1;
ncon=[1,2,9,8;2,3,4,9;9,4,5,6;8,9,6,7];
x=[0.0,0.5,0.5,0.0;0.5,1.0,1.0,0.5;0.5,1.0,1.0,0.5;0,0.5,0.5,0];
y=[0.0,0.0,0.5,0.5;0.0,0.0,0.5,0.5;0.5,0.5,1.0,1.0;0.5,0.5,1.0,1.0];

nebc=5;
iebc=[3.0,4.0,5.0,6.0,7.0];
vebc=[0.0,0.0,0.0,0.0,0.0];
nnbc=[5.0];
v=[0.0];
inbc=[1.0,2.0,3.0,7.0,8.0];
vnbc=[0.0,0.0,0.0,0.0,0.0];
fc=[1.0,0.0,0.0;1.0,0.0,0.0;1.0,0.0,0.0;1.0,0.0,0.0];
ec=[1.0,0.0,0.0;1.0,0.0,0.0;1.0,0.0,0.0;1.0,0.0,0.0];
%ac=[4.5,4.5,0.0;4.5,4.5,0;4.5,4.5,0];
%cc=[0.0,0.0,0.0;0.0,0.0,0.0;0.0,0.0,0.0];
% The value of A0 is not importand due to the solution not being
% depdendent on it